In [38]: q = np.zeros((5,5))                                                    

In [39]: q                                                                      
Out[39]: 
array([[0., 0., 0., 0., 0.],
       [0., 0., 0., 0., 0.],
       [0., 0., 0., 0., 0.],
       [0., 0., 0., 0., 0.],
       [0., 0., 0., 0., 0.]])

In [42]: x = np.random.randint(1, 99, (5,5))                                    

In [43]: x                                                                      
Out[43]: 
array([[54, 69, 41, 30, 70],
       [32, 65, 75, 53, 20],
       [86, 10, 19, 33, 28],
       [32, 67, 95, 36, 44],
       [46, 82, 24, 34, 27]])

In [44]: q                                                                      
Out[44]: 
array([[0., 0., 0., 0., 0.],
       [0., 0., 0., 0., 0.],
       [0., 0., 0., 0., 0.],
       [0., 0., 0., 0., 0.],
       [0., 0., 0., 0., 0.]])

In [45]: q[np.where(x==36)] = 1                                                 

In [46]: q                                                                      
Out[46]: 
array([[0., 0., 0., 0., 0.],
       [0., 0., 0., 0., 0.],
       [0., 0., 0., 0., 0.],
       [0., 0., 0., 1., 0.],
       [0., 0., 0., 0., 0.]])

